 initial abundance for selected isotopes
    1   0.00000E+00  NEUT 
    2   7.52973E-01  PROT 
    3   1.94192E-05  H   2
    4   7.52672E-06  HE  3
    5   2.47000E-01  HE  4
    6   0.00000E+00  BE  7
    7   0.00000E+00  B   8
    8   3.49982E-10  LI  7
    9   0.00000E+00  C  11
   10   0.00000E+00  B  11
   11   0.00000E+00  C  12
   12   0.00000E+00  C  13
   13   0.00000E+00  N  13
   14   0.00000E+00  N  14
   15   0.00000E+00  C  14
   16   0.00000E+00  N  15
   17   0.00000E+00  O  16
   18   0.00000E+00  O  17
   19   0.00000E+00  O  18
   20   0.00000E+00  F  17
   21   0.00000E+00  F  18
   22   0.00000E+00  F  19
   23   0.00000E+00  NE 20
   24   0.00000E+00  NE 21
   25   0.00000E+00  NE 22
   26   0.00000E+00  NA 22
   27   0.00000E+00  NA 23
   28   0.00000E+00  MG 23
   29   0.00000E+00  MG 24
   30   0.00000E+00  MG 25
   31   0.00000E+00  MG 26
   32   0.00000E+00  AL 26
   33   0.00000E+00  AL 27
   34   0.00000E+00  SI 27
   35   0.00000E+00  SI 28
   36   0.00000E+00  SI 29
   37   0.00000E+00  SI 30
   38   0.00000E+00  P  31
   39   0.00000E+00  S  31
   43   9.69829E-15  LI  6
   44   0.00000E+00  BE  9
   45   0.00000E+00  B  10
   46   0.00000E+00  BE  8
   47   0.00000E+00  O  14
   48   0.00000E+00  O  15
   49   0.00000E+00  NA 21
   50   0.00000E+00  AL 25
   51   0.00000E+00  P  29
   52   0.00000E+00  P  30
   53   0.00000E+00  PB206
   54   0.00000E+00  PB207
   55   0.00000E+00  BI211
   56   0.00000E+00  PO210
   58   0.00000E+00  F  20
   59   0.00000E+00  NE 19
   60   0.00000E+00  NA 24
   61   0.00000E+00  MG 27
   62   0.00000E+00  MG 28
   63   0.00000E+00  AL 28
   64   0.00000E+00  AL 29
   65   0.00000E+00  SI 31
   66   0.00000E+00  SI 32
   67   0.00000E+00  P  32
   68   0.00000E+00  P  33
   69   0.00000E+00  P  34
   70   0.00000E+00  P  35
   71   0.00000E+00  S  32
   72   0.00000E+00  S  33
   73   0.00000E+00  S  34
   74   0.00000E+00  S  35
   75   0.00000E+00  S  36
   76   0.00000E+00  S  37
   77   0.00000E+00  S  38
   78   0.00000E+00  CL 34
   79   0.00000E+00  CL 35
   80   0.00000E+00  CL 36
   81   0.00000E+00  CL 37
   82   0.00000E+00  CL 38
   83   0.00000E+00  CL 39
   84   0.00000E+00  CL 40
   85   0.00000E+00  AR 35
   86   0.00000E+00  AR 36
   87   0.00000E+00  AR 37
   88   0.00000E+00  AR 38
   89   0.00000E+00  AR 39
   90   0.00000E+00  AR 40
   91   0.00000E+00  AR 41
   92   0.00000E+00  AR 42
   93   0.00000E+00  AR 43
   94   0.00000E+00  AR 44
   95   0.00000E+00  K  38
   96   0.00000E+00  K  39
   97   0.00000E+00  K  40
   98   0.00000E+00  K  41
   99   0.00000E+00  K  42
  100   0.00000E+00  K  43
  101   0.00000E+00  K  44
  102   0.00000E+00  K  45
  103   0.00000E+00  K  46
  104   0.00000E+00  CA 39
  105   0.00000E+00  CA 40
  106   0.00000E+00  CA 41
  107   0.00000E+00  CA 42
  108   0.00000E+00  CA 43
  109   0.00000E+00  CA 44
  110   0.00000E+00  CA 45
  111   0.00000E+00  CA 46
  112   0.00000E+00  CA 47
  113   0.00000E+00  CA 48
  114   0.00000E+00  CA 49
  115   0.00000E+00  SC 43
  116   0.00000E+00  SC 44
  117   0.00000E+00  SC 45
  118   0.00000E+00  SC 46
  119   0.00000E+00  SC 47
  120   0.00000E+00  SC 48
  121   0.00000E+00  SC 49
  122   0.00000E+00  SC 50
  123   0.00000E+00  TI 44
  124   0.00000E+00  TI 45
  125   0.00000E+00  TI 46
  126   0.00000E+00  TI 47
  127   0.00000E+00  TI 48
  128   0.00000E+00  TI 49
  129   0.00000E+00  TI 50
  130   0.00000E+00  TI 51
  131   0.00000E+00  TI 52
  132   0.00000E+00  V  47
  133   0.00000E+00  V  48
  134   0.00000E+00  V  49
  135   0.00000E+00  V  50
  136   0.00000E+00  V  51
  137   0.00000E+00  V  52
  138   0.00000E+00  V  53
  139   0.00000E+00  CR 48
  140   0.00000E+00  CR 49
  141   0.00000E+00  CR 50
  142   0.00000E+00  CR 51
  143   0.00000E+00  CR 52
  144   0.00000E+00  CR 53
  145   0.00000E+00  CR 54
  146   0.00000E+00  CR 55
  147   0.00000E+00  CR 56
  148   0.00000E+00  MN 51
  149   0.00000E+00  MN 52
  150   0.00000E+00  MN 53
  151   0.00000E+00  MN 54
  152   0.00000E+00  MN 55
  153   0.00000E+00  MN 56
  154   0.00000E+00  MN 57
  155   0.00000E+00  FE 52
  156   0.00000E+00  FE 53
  157   0.00000E+00  FE 54
  158   0.00000E+00  FE 55
  159   0.00000E+00  FE 56
  160   0.00000E+00  FE 57
  161   0.00000E+00  FE 58
  162   0.00000E+00  FE 59
  163   0.00000E+00  FE 60
  164   0.00000E+00  FE 61
  165   0.00000E+00  CO 55
  166   0.00000E+00  CO 56
  167   0.00000E+00  CO 57
  168   0.00000E+00  CO 58
  169   0.00000E+00  CO 59
  170   0.00000E+00  CO 60
  171   0.00000E+00  CO 61
  172   0.00000E+00  CO 62
  173   0.00000E+00  CO 63
  174   0.00000E+00  NI 56
  175   0.00000E+00  NI 57
  176   0.00000E+00  NI 58
  177   0.00000E+00  NI 59
  178   0.00000E+00  NI 60
  179   0.00000E+00  NI 61
  180   0.00000E+00  NI 62
  181   0.00000E+00  NI 63
  182   0.00000E+00  NI 64
  183   0.00000E+00  NI 65
  184   0.00000E+00  NI 66
  185   0.00000E+00  NI 67
  186   0.00000E+00  NI 68
  187   0.00000E+00  CU 60
  188   0.00000E+00  CU 61
  189   0.00000E+00  CU 62
  190   0.00000E+00  CU 63
  191   0.00000E+00  CU 64
  192   0.00000E+00  CU 65
  193   0.00000E+00  CU 66
  194   0.00000E+00  CU 67
  195   0.00000E+00  CU 68
  196   0.00000E+00  CU 69
  197   0.00000E+00  CU 70
  198   0.00000E+00  CU 71
  199   0.00000E+00  ZN 62
  200   0.00000E+00  ZN 63
  201   0.00000E+00  ZN 64
  202   0.00000E+00  ZN 65
  203   0.00000E+00  ZN 66
  204   0.00000E+00  ZN 67
  205   0.00000E+00  ZN 68
  206   0.00000E+00  ZN 69
  207   0.00000E+00  ZN 70
  208   0.00000E+00  ZN 71
  209   0.00000E+00  ZN 72
  210   0.00000E+00  ZN 73
  211   0.00000E+00  ZN 74
  212   0.00000E+00  GA 65
  213   0.00000E+00  GA 66
  214   0.00000E+00  GA 67
  215   0.00000E+00  GA 68
  216   0.00000E+00  GA 69
  217   0.00000E+00  GA 70
  218   0.00000E+00  GA 71
  219   0.00000E+00  GA 72
  220   0.00000E+00  GA 73
  221   0.00000E+00  GA 74
  222   0.00000E+00  GA 75
  223   0.00000E+00  GE 66
  224   0.00000E+00  GE 67
  225   0.00000E+00  GE 68
  226   0.00000E+00  GE 69
  227   0.00000E+00  GE 70
  228   0.00000E+00  GE 71
  229   0.00000E+00  GE 72
  230   0.00000E+00  GE 73
  231   0.00000E+00  GE 74
  232   0.00000E+00  GE 75
  233   0.00000E+00  GE 76
  234   0.00000E+00  GE 77
  235   0.00000E+00  GE 78
  236   0.00000E+00  AS 69
  237   0.00000E+00  AS 70
  238   0.00000E+00  AS 71
  239   0.00000E+00  AS 72
  240   0.00000E+00  AS 73
  241   0.00000E+00  AS 74
  242   0.00000E+00  AS 75
  243   0.00000E+00  AS 76
  244   0.00000E+00  AS 77
  245   0.00000E+00  AS 78
  246   0.00000E+00  AS 79
  247   0.00000E+00  AS 80
  248   0.00000E+00  AS 81
  249   0.00000E+00  SE 72
  250   0.00000E+00  SE 73
  251   0.00000E+00  SE 74
  252   0.00000E+00  SE 75
  253   0.00000E+00  SE 76
  254   0.00000E+00  SE 77
  255   0.00000E+00  SE 78
  256   0.00000E+00  SE 79
  257   0.00000E+00  SE 80
  258   0.00000E+00  SE 81
  259   0.00000E+00  SE 82
  260   0.00000E+00  SE 83
  261   0.00000E+00  SE 84
  262   0.00000E+00  BR 74
  263   0.00000E+00  BR 75
  264   0.00000E+00  BR 76
  265   0.00000E+00  BR 77
  266   0.00000E+00  BR 78
  267   0.00000E+00  BR 79
  268   0.00000E+00  BR 80
  269   0.00000E+00  BR 81
  270   0.00000E+00  BR 82
  271   0.00000E+00  BR 83
  272   0.00000E+00  BR 84
  273   0.00000E+00  BR 85
  274   0.00000E+00  BR 86
  275   0.00000E+00  BR 87
  276   0.00000E+00  KR 76
  277   0.00000E+00  KR 77
  278   0.00000E+00  KR 78
  279   0.00000E+00  KR 79
  280   0.00000E+00  KR 80
  281   0.00000E+00  KR 81
  282   0.00000E+00  KR 82
  283   0.00000E+00  KR 83
  284   0.00000E+00  KR 84
  285   0.00000E+00  KR 85
  286   0.00000E+00  KR 86
  287   0.00000E+00  KR 87
  288   0.00000E+00  KR 88
  289   0.00000E+00  KR 89
  290   0.00000E+00  KR 90
  291   0.00000E+00  RB 79
  292   0.00000E+00  RB 80
  293   0.00000E+00  RB 81
  294   0.00000E+00  RB 82
  295   0.00000E+00  RB 83
  296   0.00000E+00  RB 84
  297   0.00000E+00  RB 85
  298   0.00000E+00  RB 86
  299   0.00000E+00  RB 87
  300   0.00000E+00  RB 88
  301   0.00000E+00  RB 89
  302   0.00000E+00  RB 90
  303   0.00000E+00  RB 91
  304   0.00000E+00  SR 80
  305   0.00000E+00  SR 81
  306   0.00000E+00  SR 82
  307   0.00000E+00  SR 83
  308   0.00000E+00  SR 84
  309   0.00000E+00  SR 85
  310   0.00000E+00  SR 86
  311   0.00000E+00  SR 87
  312   0.00000E+00  SR 88
  313   0.00000E+00  SR 89
  314   0.00000E+00  SR 90
  315   0.00000E+00  SR 91
  316   0.00000E+00  SR 92
  317   0.00000E+00  SR 93
  318   0.00000E+00  SR 94
  319   0.00000E+00  Y  85
  320   0.00000E+00  Y  86
  321   0.00000E+00  Y  87
  322   0.00000E+00  Y  88
  323   0.00000E+00  Y  89
  324   0.00000E+00  Y  90
  325   0.00000E+00  Y  91
  326   0.00000E+00  Y  92
  327   0.00000E+00  Y  93
  328   0.00000E+00  Y  94
  329   0.00000E+00  Y  95
  330   0.00000E+00  Y  96
  331   0.00000E+00  ZR 86
  332   0.00000E+00  ZR 87
  333   0.00000E+00  ZR 88
  334   0.00000E+00  ZR 89
  335   0.00000E+00  ZR 90
  336   0.00000E+00  ZR 91
  337   0.00000E+00  ZR 92
  338   0.00000E+00  ZR 93
  339   0.00000E+00  ZR 94
  340   0.00000E+00  ZR 95
  341   0.00000E+00  ZR 96
  342   0.00000E+00  ZR 97
  343   0.00000E+00  ZR 98
  344   0.00000E+00  NB 89
  345   0.00000E+00  NB 90
  346   0.00000E+00  NB 91
  347   0.00000E+00  NB 92
  348   0.00000E+00  NB 93
  349   0.00000E+00  NB 94
  350   0.00000E+00  NB 95
  351   0.00000E+00  NB 96
  352   0.00000E+00  NB 97
  353   0.00000E+00  NB 98
  354   0.00000E+00  NB 99
  355   0.00000E+00  MO 90
  356   0.00000E+00  MO 91
  357   0.00000E+00  MO 92
  358   0.00000E+00  MO 93
  359   0.00000E+00  MO 94
  360   0.00000E+00  MO 95
  361   0.00000E+00  MO 96
  362   0.00000E+00  MO 97
  363   0.00000E+00  MO 98
  364   0.00000E+00  MO 99
  365   0.00000E+00  MO100
  366   0.00000E+00  MO101
  367   0.00000E+00  MO102
  368   0.00000E+00  TC 93
  369   0.00000E+00  TC 94
  370   0.00000E+00  TC 95
  371   0.00000E+00  TC 96
  372   0.00000E+00  TC 97
  373   0.00000E+00  TC 98
  374   0.00000E+00  TC 99
  375   0.00000E+00  TC100
  376   0.00000E+00  TC101
  377   0.00000E+00  TC102
  378   0.00000E+00  TC103
  379   0.00000E+00  TC104
  380   0.00000E+00  TC105
  381   0.00000E+00  RU 94
  382   0.00000E+00  RU 95
  383   0.00000E+00  RU 96
  384   0.00000E+00  RU 97
  385   0.00000E+00  RU 98
  386   0.00000E+00  RU 99
  387   0.00000E+00  RU100
  388   0.00000E+00  RU101
  389   0.00000E+00  RU102
  390   0.00000E+00  RU103
  391   0.00000E+00  RU104
  392   0.00000E+00  RU105
  393   0.00000E+00  RU106
  394   0.00000E+00  RH 98
  395   0.00000E+00  RH 99
  396   0.00000E+00  RH100
  397   0.00000E+00  RH101
  398   0.00000E+00  RH102
  399   0.00000E+00  RH103
  400   0.00000E+00  RH104
  401   0.00000E+00  RH105
  402   0.00000E+00  RH106
  403   0.00000E+00  RH107
  404   0.00000E+00  RH108
  405   0.00000E+00  PD 99
  406   0.00000E+00  PD100
  407   0.00000E+00  PD101
  408   0.00000E+00  PD102
  409   0.00000E+00  PD103
  410   0.00000E+00  PD104
  411   0.00000E+00  PD105
  412   0.00000E+00  PD106
  413   0.00000E+00  PD107
  414   0.00000E+00  PD108
  415   0.00000E+00  PD109
  416   0.00000E+00  PD110
  417   0.00000E+00  PD111
  418   0.00000E+00  PD112
  419   0.00000E+00  AG101
  420   0.00000E+00  AG102
  421   0.00000E+00  AG103
  422   0.00000E+00  AG104
  423   0.00000E+00  AG105
  424   0.00000E+00  AG106
  425   0.00000E+00  AG107
  426   0.00000E+00  AG108
  427   0.00000E+00  AG109
  428   0.00000E+00  AG110
  429   0.00000E+00  AG111
  430   0.00000E+00  AG112
  431   0.00000E+00  AG113
  432   0.00000E+00  CD102
  433   0.00000E+00  CD103
  434   0.00000E+00  CD104
  435   0.00000E+00  CD105
  436   0.00000E+00  CD106
  437   0.00000E+00  CD107
  438   0.00000E+00  CD108
  439   0.00000E+00  CD109
  440   0.00000E+00  CD110
  441   0.00000E+00  CD111
  442   0.00000E+00  CD112
  443   0.00000E+00  CD113
  444   0.00000E+00  CD114
  445   0.00000E+00  CD115
  446   0.00000E+00  CD116
  447   0.00000E+00  CD117
  448   0.00000E+00  CD118
  449   0.00000E+00  IN106
  450   0.00000E+00  IN107
  451   0.00000E+00  IN108
  452   0.00000E+00  IN109
  453   0.00000E+00  IN110
  454   0.00000E+00  IN111
  455   0.00000E+00  IN112
  456   0.00000E+00  IN113
  457   0.00000E+00  IN114
  458   0.00000E+00  IN115
  459   0.00000E+00  IN116
  460   0.00000E+00  IN117
  461   0.00000E+00  IN118
  462   0.00000E+00  IN119
  463   0.00000E+00  SN108
  464   0.00000E+00  SN109
  465   0.00000E+00  SN110
  466   0.00000E+00  SN111
  467   0.00000E+00  SN112
  468   0.00000E+00  SN113
  469   0.00000E+00  SN114
  470   0.00000E+00  SN115
  471   0.00000E+00  SN116
  472   0.00000E+00  SN117
  473   0.00000E+00  SN118
  474   0.00000E+00  SN119
  475   0.00000E+00  SN120
  476   0.00000E+00  SN121
  477   0.00000E+00  SN122
  478   0.00000E+00  SN123
  479   0.00000E+00  SN124
  480   0.00000E+00  SN125
  481   0.00000E+00  SN126
  482   0.00000E+00  SN127
  483   0.00000E+00  SN128
  484   0.00000E+00  SN129
  485   0.00000E+00  SN130
  486   0.00000E+00  SB112
  487   0.00000E+00  SB113
  488   0.00000E+00  SB114
  489   0.00000E+00  SB115
  490   0.00000E+00  SB116
  491   0.00000E+00  SB117
  492   0.00000E+00  SB118
  493   0.00000E+00  SB119
  494   0.00000E+00  SB120
  495   0.00000E+00  SB121
  496   0.00000E+00  SB122
  497   0.00000E+00  SB123
  498   0.00000E+00  SB124
  499   0.00000E+00  SB125
  500   0.00000E+00  SB126
  501   0.00000E+00  SB127
  502   0.00000E+00  SB128
  503   0.00000E+00  SB129
  504   0.00000E+00  SB130
  505   0.00000E+00  SB131
  506   0.00000E+00  SB132
  507   0.00000E+00  SB133
  508   0.00000E+00  TE114
  509   0.00000E+00  TE115
  510   0.00000E+00  TE116
  511   0.00000E+00  TE117
  512   0.00000E+00  TE118
  513   0.00000E+00  TE119
  514   0.00000E+00  TE120
  515   0.00000E+00  TE121
  516   0.00000E+00  TE122
  517   0.00000E+00  TE123
  518   0.00000E+00  TE124
  519   0.00000E+00  TE125
  520   0.00000E+00  TE126
  521   0.00000E+00  TE127
  522   0.00000E+00  TE128
  523   0.00000E+00  TE129
  524   0.00000E+00  TE130
  525   0.00000E+00  TE131
  526   0.00000E+00  TE132
  527   0.00000E+00  TE133
  528   0.00000E+00  TE134
  529   0.00000E+00  I 117
  530   0.00000E+00  I 118
  531   0.00000E+00  I 119
  532   0.00000E+00  I 120
  533   0.00000E+00  I 121
  534   0.00000E+00  I 122
  535   0.00000E+00  I 123
  536   0.00000E+00  I 124
  537   0.00000E+00  I 125
  538   0.00000E+00  I 126
  539   0.00000E+00  I 127
  540   0.00000E+00  I 128
  541   0.00000E+00  I 129
  542   0.00000E+00  I 130
  543   0.00000E+00  I 131
  544   0.00000E+00  I 132
  545   0.00000E+00  I 133
  546   0.00000E+00  I 134
  547   0.00000E+00  I 135
  548   0.00000E+00  XE118
  549   0.00000E+00  XE119
  550   0.00000E+00  XE120
  551   0.00000E+00  XE121
  552   0.00000E+00  XE122
  553   0.00000E+00  XE123
  554   0.00000E+00  XE124
  555   0.00000E+00  XE125
  556   0.00000E+00  XE126
  557   0.00000E+00  XE127
  558   0.00000E+00  XE128
  559   0.00000E+00  XE129
  560   0.00000E+00  XE130
  561   0.00000E+00  XE131
  562   0.00000E+00  XE132
  563   0.00000E+00  XE133
  564   0.00000E+00  XE134
  565   0.00000E+00  XE135
  566   0.00000E+00  XE136
  567   0.00000E+00  XE137
  568   0.00000E+00  XE138
  569   0.00000E+00  CS123
  570   0.00000E+00  CS124
  571   0.00000E+00  CS125
  572   0.00000E+00  CS126
  573   0.00000E+00  CS127
  574   0.00000E+00  CS128
  575   0.00000E+00  CS129
  576   0.00000E+00  CS130
  577   0.00000E+00  CS131
  578   0.00000E+00  CS132
  579   0.00000E+00  CS133
  580   0.00000E+00  CS134
  581   0.00000E+00  CS135
  582   0.00000E+00  CS136
  583   0.00000E+00  CS137
  584   0.00000E+00  CS138
  585   0.00000E+00  CS139
  586   0.00000E+00  BA124
  587   0.00000E+00  BA125
  588   0.00000E+00  BA126
  589   0.00000E+00  BA127
  590   0.00000E+00  BA128
  591   0.00000E+00  BA129
  592   0.00000E+00  BA130
  593   0.00000E+00  BA131
  594   0.00000E+00  BA132
  595   0.00000E+00  BA133
  596   0.00000E+00  BA134
  597   0.00000E+00  BA135
  598   0.00000E+00  BA136
  599   0.00000E+00  BA137
  600   0.00000E+00  BA138
  601   0.00000E+00  BA139
  602   0.00000E+00  BA140
  603   0.00000E+00  BA141
  604   0.00000E+00  BA142
  605   0.00000E+00  LA127
  606   0.00000E+00  LA128
  607   0.00000E+00  LA129
  608   0.00000E+00  LA130
  609   0.00000E+00  LA131
  610   0.00000E+00  LA132
  611   0.00000E+00  LA133
  612   0.00000E+00  LA134
  613   0.00000E+00  LA135
  614   0.00000E+00  LA136
  615   0.00000E+00  LA137
  616   0.00000E+00  LA138
  617   0.00000E+00  LA139
  618   0.00000E+00  LA140
  619   0.00000E+00  LA141
  620   0.00000E+00  LA142
  621   0.00000E+00  LA143
  622   0.00000E+00  CE130
  623   0.00000E+00  CE131
  624   0.00000E+00  CE132
  625   0.00000E+00  CE133
  626   0.00000E+00  CE134
  627   0.00000E+00  CE135
  628   0.00000E+00  CE136
  629   0.00000E+00  CE137
  630   0.00000E+00  CE138
  631   0.00000E+00  CE139
  632   0.00000E+00  CE140
  633   0.00000E+00  CE141
  634   0.00000E+00  CE142
  635   0.00000E+00  CE143
  636   0.00000E+00  CE144
  637   0.00000E+00  CE145
  638   0.00000E+00  CE146
  639   0.00000E+00  PR133
  640   0.00000E+00  PR134
  641   0.00000E+00  PR135
  642   0.00000E+00  PR136
  643   0.00000E+00  PR137
  644   0.00000E+00  PR138
  645   0.00000E+00  PR139
  646   0.00000E+00  PR140
  647   0.00000E+00  PR141
  648   0.00000E+00  PR142
  649   0.00000E+00  PR143
  650   0.00000E+00  PR144
  651   0.00000E+00  PR145
  652   0.00000E+00  PR146
  653   0.00000E+00  PR147
  654   0.00000E+00  PR148
  655   0.00000E+00  PR149
  656   0.00000E+00  ND134
  657   0.00000E+00  ND135
  658   0.00000E+00  ND136
  659   0.00000E+00  ND137
  660   0.00000E+00  ND138
  661   0.00000E+00  ND139
  662   0.00000E+00  ND140
  663   0.00000E+00  ND141
  664   0.00000E+00  ND142
  665   0.00000E+00  ND143
  666   0.00000E+00  ND144
  667   0.00000E+00  ND145
  668   0.00000E+00  ND146
  669   0.00000E+00  ND147
  670   0.00000E+00  ND148
  671   0.00000E+00  ND149
  672   0.00000E+00  ND150
  673   0.00000E+00  ND151
  674   0.00000E+00  ND152
  675   0.00000E+00  PM137
  676   0.00000E+00  PM138
  677   0.00000E+00  PM139
  678   0.00000E+00  PM140
  679   0.00000E+00  PM141
  680   0.00000E+00  PM142
  681   0.00000E+00  PM143
  682   0.00000E+00  PM144
  683   0.00000E+00  PM145
  684   0.00000E+00  PM146
  685   0.00000E+00  PM147
  686   0.00000E+00  PM148
  687   0.00000E+00  PM149
  688   0.00000E+00  PM150
  689   0.00000E+00  PM151
  690   0.00000E+00  PM152
  691   0.00000E+00  PM153
  692   0.00000E+00  PM154
  693   0.00000E+00  SM140
  694   0.00000E+00  SM141
  695   0.00000E+00  SM142
  696   0.00000E+00  SM143
  697   0.00000E+00  SM144
  698   0.00000E+00  SM145
  699   0.00000E+00  SM146
  700   0.00000E+00  SM147
  701   0.00000E+00  SM148
  702   0.00000E+00  SM149
  703   0.00000E+00  SM150
  704   0.00000E+00  SM151
  705   0.00000E+00  SM152
  706   0.00000E+00  SM153
  707   0.00000E+00  SM154
  708   0.00000E+00  SM155
  709   0.00000E+00  SM156
  710   0.00000E+00  SM157
  711   0.00000E+00  SM158
  712   0.00000E+00  EU143
  713   0.00000E+00  EU144
  714   0.00000E+00  EU145
  715   0.00000E+00  EU146
  716   0.00000E+00  EU147
  717   0.00000E+00  EU148
  718   0.00000E+00  EU149
  719   0.00000E+00  EU150
  720   0.00000E+00  EU151
  721   0.00000E+00  EU152
  722   0.00000E+00  EU153
  723   0.00000E+00  EU154
  724   0.00000E+00  EU155
  725   0.00000E+00  EU156
  726   0.00000E+00  EU157
  727   0.00000E+00  EU158
  728   0.00000E+00  EU159
  729   0.00000E+00  GD144
  730   0.00000E+00  GD145
  731   0.00000E+00  GD146
  732   0.00000E+00  GD147
  733   0.00000E+00  GD148
  734   0.00000E+00  GD149
  735   0.00000E+00  GD150
  736   0.00000E+00  GD151
  737   0.00000E+00  GD152
  738   0.00000E+00  GD153
  739   0.00000E+00  GD154
  740   0.00000E+00  GD155
  741   0.00000E+00  GD156
  742   0.00000E+00  GD157
  743   0.00000E+00  GD158
  744   0.00000E+00  GD159
  745   0.00000E+00  GD160
  746   0.00000E+00  GD161
  747   0.00000E+00  GD162
  748   0.00000E+00  TB147
  749   0.00000E+00  TB148
  750   0.00000E+00  TB149
  751   0.00000E+00  TB150
  752   0.00000E+00  TB151
  753   0.00000E+00  TB152
  754   0.00000E+00  TB153
  755   0.00000E+00  TB154
  756   0.00000E+00  TB155
  757   0.00000E+00  TB156
  758   0.00000E+00  TB157
  759   0.00000E+00  TB158
  760   0.00000E+00  TB159
  761   0.00000E+00  TB160
  762   0.00000E+00  TB161
  763   0.00000E+00  TB162
  764   0.00000E+00  TB163
  765   0.00000E+00  TB164
  766   0.00000E+00  TB165
  767   0.00000E+00  DY148
  768   0.00000E+00  DY149
  769   0.00000E+00  DY150
  770   0.00000E+00  DY151
  771   0.00000E+00  DY152
  772   0.00000E+00  DY153
  773   0.00000E+00  DY154
  774   0.00000E+00  DY155
  775   0.00000E+00  DY156
  776   0.00000E+00  DY157
  777   0.00000E+00  DY158
  778   0.00000E+00  DY159
  779   0.00000E+00  DY160
  780   0.00000E+00  DY161
  781   0.00000E+00  DY162
  782   0.00000E+00  DY163
  783   0.00000E+00  DY164
  784   0.00000E+00  DY165
  785   0.00000E+00  DY166
  786   0.00000E+00  DY167
  787   0.00000E+00  DY168
  788   0.00000E+00  HO153
  789   0.00000E+00  HO154
  790   0.00000E+00  HO155
  791   0.00000E+00  HO156
  792   0.00000E+00  HO157
  793   0.00000E+00  HO158
  794   0.00000E+00  HO159
  795   0.00000E+00  HO160
  796   0.00000E+00  HO161
  797   0.00000E+00  HO162
  798   0.00000E+00  HO163
  799   0.00000E+00  HO164
  800   0.00000E+00  HO165
  801   0.00000E+00  HO166
  802   0.00000E+00  HO167
  803   0.00000E+00  HO168
  804   0.00000E+00  HO169
  805   0.00000E+00  ER154
  806   0.00000E+00  ER155
  807   0.00000E+00  ER156
  808   0.00000E+00  ER157
  809   0.00000E+00  ER158
  810   0.00000E+00  ER159
  811   0.00000E+00  ER160
  812   0.00000E+00  ER161
  813   0.00000E+00  ER162
  814   0.00000E+00  ER163
  815   0.00000E+00  ER164
  816   0.00000E+00  ER165
  817   0.00000E+00  ER166
  818   0.00000E+00  ER167
  819   0.00000E+00  ER168
  820   0.00000E+00  ER169
  821   0.00000E+00  ER170
  822   0.00000E+00  ER171
  823   0.00000E+00  ER172
  824   0.00000E+00  ER173
  825   0.00000E+00  ER174
  826   0.00000E+00  ER175
  827   0.00000E+00  TM159
  828   0.00000E+00  TM160
  829   0.00000E+00  TM161
  830   0.00000E+00  TM162
  831   0.00000E+00  TM163
  832   0.00000E+00  TM164
  833   0.00000E+00  TM165
  834   0.00000E+00  TM166
  835   0.00000E+00  TM167
  836   0.00000E+00  TM168
  837   0.00000E+00  TM169
  838   0.00000E+00  TM170
  839   0.00000E+00  TM171
  840   0.00000E+00  TM172
  841   0.00000E+00  TM173
  842   0.00000E+00  TM174
  843   0.00000E+00  TM175
  844   0.00000E+00  TM176
  845   0.00000E+00  YB160
  846   0.00000E+00  YB161
  847   0.00000E+00  YB162
  848   0.00000E+00  YB163
  849   0.00000E+00  YB164
  850   0.00000E+00  YB165
  851   0.00000E+00  YB166
  852   0.00000E+00  YB167
  853   0.00000E+00  YB168
  854   0.00000E+00  YB169
  855   0.00000E+00  YB170
  856   0.00000E+00  YB171
  857   0.00000E+00  YB172
  858   0.00000E+00  YB173
  859   0.00000E+00  YB174
  860   0.00000E+00  YB175
  861   0.00000E+00  YB176
  862   0.00000E+00  YB177
  863   0.00000E+00  YB178
  864   0.00000E+00  YB179
  865   0.00000E+00  YB180
  866   0.00000E+00  LU165
  867   0.00000E+00  LU166
  868   0.00000E+00  LU167
  869   0.00000E+00  LU168
  870   0.00000E+00  LU169
  871   0.00000E+00  LU170
  872   0.00000E+00  LU171
  873   0.00000E+00  LU172
  874   0.00000E+00  LU173
  875   0.00000E+00  LU174
  876   0.00000E+00  LU175
  877   0.00000E+00  LU176
  878   0.00000E+00  LU177
  879   0.00000E+00  LU178
  880   0.00000E+00  LU179
  881   0.00000E+00  LU180
  882   0.00000E+00  LU181
  883   0.00000E+00  LU182
  884   0.00000E+00  HF166
  885   0.00000E+00  HF167
  886   0.00000E+00  HF168
  887   0.00000E+00  HF169
  888   0.00000E+00  HF170
  889   0.00000E+00  HF171
  890   0.00000E+00  HF172
  891   0.00000E+00  HF173
  892   0.00000E+00  HF174
  893   0.00000E+00  HF175
  894   0.00000E+00  HF176
  895   0.00000E+00  HF177
  896   0.00000E+00  HF178
  897   0.00000E+00  HF179
  898   0.00000E+00  HF180
  899   0.00000E+00  HF181
  900   0.00000E+00  HF182
  901   0.00000E+00  HF183
  902   0.00000E+00  HF184
  903   0.00000E+00  HF185
  904   0.00000E+00  TA169
  905   0.00000E+00  TA170
  906   0.00000E+00  TA171
  907   0.00000E+00  TA172
  908   0.00000E+00  TA173
  909   0.00000E+00  TA174
  910   0.00000E+00  TA175
  911   0.00000E+00  TA176
  912   0.00000E+00  TA177
  913   0.00000E+00  TA178
  914   0.00000E+00  TA179
  915   0.00000E+00  TA180
  916   0.00000E+00  TA181
  917   0.00000E+00  TA182
  918   0.00000E+00  TA183
  919   0.00000E+00  TA184
  920   0.00000E+00  TA185
  921   0.00000E+00  TA186
  922   0.00000E+00  W 172
  923   0.00000E+00  W 173
  924   0.00000E+00  W 174
  925   0.00000E+00  W 175
  926   0.00000E+00  W 176
  927   0.00000E+00  W 177
  928   0.00000E+00  W 178
  929   0.00000E+00  W 179
  930   0.00000E+00  W 180
  931   0.00000E+00  W 181
  932   0.00000E+00  W 182
  933   0.00000E+00  W 183
  934   0.00000E+00  W 184
  935   0.00000E+00  W 185
  936   0.00000E+00  W 186
  937   0.00000E+00  W 187
  938   0.00000E+00  W 188
  939   0.00000E+00  W 189
  940   0.00000E+00  W 190
  941   0.00000E+00  RE175
  942   0.00000E+00  RE176
  943   0.00000E+00  RE177
  944   0.00000E+00  RE178
  945   0.00000E+00  RE179
  946   0.00000E+00  RE180
  947   0.00000E+00  RE181
  948   0.00000E+00  RE182
  949   0.00000E+00  RE183
  950   0.00000E+00  RE184
  951   0.00000E+00  RE185
  952   0.00000E+00  RE186
  953   0.00000E+00  RE187
  954   0.00000E+00  RE188
  955   0.00000E+00  RE189
  956   0.00000E+00  RE190
  957   0.00000E+00  RE191
  958   0.00000E+00  OS179
  959   0.00000E+00  OS180
  960   0.00000E+00  OS181
  961   0.00000E+00  OS182
  962   0.00000E+00  OS183
  963   0.00000E+00  OS184
  964   0.00000E+00  OS185
  965   0.00000E+00  OS186
  966   0.00000E+00  OS187
  967   0.00000E+00  OS188
  968   0.00000E+00  OS189
  969   0.00000E+00  OS190
  970   0.00000E+00  OS191
  971   0.00000E+00  OS192
  972   0.00000E+00  OS193
  973   0.00000E+00  OS194
  974   0.00000E+00  OS195
  975   0.00000E+00  OS196
  976   0.00000E+00  IR181
  977   0.00000E+00  IR182
  978   0.00000E+00  IR183
  979   0.00000E+00  IR184
  980   0.00000E+00  IR185
  981   0.00000E+00  IR186
  982   0.00000E+00  IR187
  983   0.00000E+00  IR188
  984   0.00000E+00  IR189
  985   0.00000E+00  IR190
  986   0.00000E+00  IR191
  987   0.00000E+00  IR192
  988   0.00000E+00  IR193
  989   0.00000E+00  IR194
  990   0.00000E+00  IR195
  991   0.00000E+00  IR196
  992   0.00000E+00  IR197
  993   0.00000E+00  PT184
  994   0.00000E+00  PT185
  995   0.00000E+00  PT186
  996   0.00000E+00  PT187
  997   0.00000E+00  PT188
  998   0.00000E+00  PT189
  999   0.00000E+00  PT190
 1000   0.00000E+00  PT191
 1001   0.00000E+00  PT192
 1002   0.00000E+00  PT193
 1003   0.00000E+00  PT194
 1004   0.00000E+00  PT195
 1005   0.00000E+00  PT196
 1006   0.00000E+00  PT197
 1007   0.00000E+00  PT198
 1008   0.00000E+00  PT199
 1009   0.00000E+00  PT200
 1010   0.00000E+00  PT201
 1011   0.00000E+00  PT202
 1012   0.00000E+00  AU185
 1013   0.00000E+00  AU186
 1014   0.00000E+00  AU187
 1015   0.00000E+00  AU188
 1016   0.00000E+00  AU189
 1017   0.00000E+00  AU190
 1018   0.00000E+00  AU191
 1019   0.00000E+00  AU192
 1020   0.00000E+00  AU193
 1021   0.00000E+00  AU194
 1022   0.00000E+00  AU195
 1023   0.00000E+00  AU196
 1024   0.00000E+00  AU197
 1025   0.00000E+00  AU198
 1026   0.00000E+00  AU199
 1027   0.00000E+00  AU200
 1028   0.00000E+00  AU201
 1029   0.00000E+00  AU202
 1030   0.00000E+00  AU203
 1031   0.00000E+00  HG189
 1032   0.00000E+00  HG190
 1033   0.00000E+00  HG191
 1034   0.00000E+00  HG192
 1035   0.00000E+00  HG193
 1036   0.00000E+00  HG194
 1037   0.00000E+00  HG195
 1038   0.00000E+00  HG196
 1039   0.00000E+00  HG197
 1040   0.00000E+00  HG198
 1041   0.00000E+00  HG199
 1042   0.00000E+00  HG200
 1043   0.00000E+00  HG201
 1044   0.00000E+00  HG202
 1045   0.00000E+00  HG203
 1046   0.00000E+00  HG204
 1047   0.00000E+00  HG205
 1048   0.00000E+00  HG206
 1049   0.00000E+00  HG207
 1050   0.00000E+00  HG208
 1051   0.00000E+00  TL192
 1052   0.00000E+00  TL193
 1053   0.00000E+00  TL194
 1054   0.00000E+00  TL195
 1055   0.00000E+00  TL196
 1056   0.00000E+00  TL197
 1057   0.00000E+00  TL198
 1058   0.00000E+00  TL199
 1059   0.00000E+00  TL200
 1060   0.00000E+00  TL201
 1061   0.00000E+00  TL202
 1062   0.00000E+00  TL203
 1063   0.00000E+00  TL204
 1064   0.00000E+00  TL205
 1065   0.00000E+00  TL206
 1066   0.00000E+00  TL207
 1067   0.00000E+00  TL208
 1068   0.00000E+00  TL209
 1069   0.00000E+00  TL210
 1070   0.00000E+00  PB193
 1071   0.00000E+00  PB194
 1072   0.00000E+00  PB195
 1073   0.00000E+00  PB196
 1074   0.00000E+00  PB197
 1075   0.00000E+00  PB198
 1076   0.00000E+00  PB199
 1077   0.00000E+00  PB200
 1078   0.00000E+00  PB201
 1079   0.00000E+00  PB202
 1080   0.00000E+00  PB203
 1081   0.00000E+00  PB204
 1082   0.00000E+00  PB205
 1083   0.00000E+00  PB208
 1084   0.00000E+00  PB209
 1085   0.00000E+00  PB210
 1086   0.00000E+00  PB211
 1087   0.00000E+00  BI202
 1088   0.00000E+00  BI203
 1089   0.00000E+00  BI204
 1090   0.00000E+00  BI205
 1091   0.00000E+00  BI206
 1092   0.00000E+00  BI207
 1093   0.00000E+00  BI208
 1094   0.00000E+00  BI209
 1095   0.00000E+00  BI210
 1096   0.00000E+00  AL*26
 1097   0.00000E+00  KR*85
 1098   0.00000E+00  CD*15
 1099   0.00000E+00  LU*76
 1100   0.00000E+00  TAg80
